1.000000000000000000e+00 4.533541250739681061e-11 9.687500232341203499e-14 6.378911288074107233e-10 6.590133327932790053e-09
4.580354151517695982e-11 3.987348229372855712e-09 2.597241088864166159e-09 3.956733607424212096e-09 1.000000000000000000e+00
3.596204161960799353e-15 9.167371899820864201e-06 9.999908208847045898e-01 2.889557704222056600e-09 2.535890664123741089e-10
9.995168447494506836e-01 3.645758624770678580e-05 2.371537266299128532e-05 1.323905889876186848e-04 2.906633890233933926e-04
9.996880292892456055e-01 2.065979933831840754e-04 7.357119466178119183e-05 1.204765794682316482e-05 1.980580054805614054e-05
1.618921330326372754e-09 1.097658678190782666e-04 9.875166416168212891e-02 9.010866880416870117e-01 5.193379911361262202e-05
6.953750926186330616e-07 1.674417762842494994e-05 6.540014965139562264e-06 9.999718666076660156e-01 4.120815901842433959e-06
5.532197489281805158e-14 2.832189517631977793e-11 3.947365437989569514e-12 1.000000000000000000e+00 1.212242112247352566e-13
9.999996423721313477e-01 3.641839612100739032e-07 4.371000957015258592e-12 4.675901887907230048e-09 6.075097314095501133e-09
1.000000000000000000e+00 3.651997974862819518e-12 1.232854252442971282e-14 2.038900298595436311e-10 1.599235188720626866e-09
6.758264087247667362e-12 7.221810705004827469e-08 1.134960658788486398e-08 1.781780167853241892e-09 9.999998807907104492e-01
3.327440722955543606e-08 8.599778666962265561e-09 2.335361459770979309e-09 1.000000000000000000e+00 1.325506593374825570e-09
5.722998075441410037e-09 6.671462324447929859e-05 9.999200105667114258e-01 9.591775778972078115e-06 3.674101435535703786e-06
1.000000000000000000e+00 8.742096629932305518e-11 4.779841226190380613e-15 4.783982932021757506e-11 5.632000421584848482e-10
1.000000000000000000e+00 1.723038822731837172e-09 1.457760344727998536e-12 2.581653779643033886e-09 2.275518973249290866e-08
1.210495896228347412e-12 1.000000000000000000e+00 4.760265515102446443e-10 4.442243448088412094e-11 4.309441394229410194e-14
1.000000000000000000e+00 2.034268933859273432e-11 4.605310934441579282e-15 7.961379472343210750e-11 6.134691088455213048e-10
8.376376849084099518e-12 2.725948355930540856e-09 1.482858502654949007e-09 9.625522601197644690e-10 1.000000000000000000e+00
7.615065059107285761e-15 5.129598967812398769e-10 2.840937901593676429e-11 7.621241138178191932e-11 1.000000000000000000e+00
1.714989679157952196e-07 4.490450010052882135e-06 1.953085529748932458e-06 9.999933242797851562e-01 1.503741486885701306e-07
1.532875160137336934e-07 1.058357756988925757e-08 2.781888497338513844e-08 9.999998807907104492e-01 4.638320394434458649e-09
8.204067286632366063e-11 1.478063836657383945e-06 4.889768945304240333e-08 9.999985694885253906e-01 2.543362853657527012e-08
4.505060535257753777e-18 3.846992910894186934e-07 9.999996423721313477e-01 9.062674222182209860e-11 8.403642365317764984e-12
9.680758417118795478e-09 1.442544430574344005e-06 1.096561618396663107e-06 9.999974966049194336e-01 2.569828616572067403e-08
1.000000000000000000e+00 5.664573411029438788e-12 6.829537715251961932e-15 1.175792241348005973e-10 9.477956197656567383e-10
3.700192821413927913e-13 1.760380508031289537e-09 2.723493930378850791e-10 2.446994162852433874e-09 1.000000000000000000e+00
1.589541692714746546e-11 3.564826878132976162e-09 2.186808512050220088e-09 2.449188851727512883e-09 1.000000000000000000e+00
8.029053333302726969e-08 1.596768697709194385e-06 2.176350562876905315e-06 9.999960660934448242e-01 6.344614433828610345e-08
1.271725182050431613e-06 9.999961853027343750e-01 1.048846684170712251e-06 1.373073587274120655e-06 1.389033030818609404e-07
6.118428246687512839e-12 6.130689598649041727e-06 9.999939203262329102e-01 1.133662230756726785e-08 1.333385313273538486e-08
4.515312819822203672e-13 1.406500587108894251e-06 9.999985694885253906e-01 7.460442041917758615e-09 5.411023185075691799e-09
1.000000000000000000e+00 6.415203871595887009e-12 5.545495483037224047e-15 1.401226079611461728e-10 1.150568418317732267e-09
1.717736738439390454e-13 1.401257691213686485e-06 9.999985694885253906e-01 3.934932379934252822e-09 2.519351172125539051e-09
1.598745615061236691e-11 1.000000000000000000e+00 2.498549978025010887e-11 6.373049865615598719e-10 3.998421060392998161e-13
1.536733101881182506e-10 3.589920743252150714e-05 6.433359885704703629e-06 9.999573230743408203e-01 3.766067209198808996e-07
3.537147864699363708e-02 1.349712838418781757e-03 9.259476661682128906e-01 1.852682908065617085e-03 3.547850623726844788e-02
1.000000000000000000e+00 7.410223476500554796e-12 5.161711715603173323e-14 6.023395116017127293e-10 2.870790716258397879e-09
2.067346131524178121e-13 1.151467561721801758e-01 8.848530054092407227e-01 3.031008475318230921e-07 1.333135490888537333e-09
8.581846899780032345e-10 6.333405622171994764e-08 2.919868258288715879e-08 1.321649634178356791e-08 9.999998807907104492e-01
9.064632422450813465e-08 8.092034704532125033e-07 5.361771400202997029e-07 9.999985694885253906e-01 5.673356540114582458e-08
2.951599187284159598e-09 2.292071599185874220e-08 2.569839985255839565e-08 1.000000000000000000e+00 1.929141513201670932e-09
3.453456964841450372e-10 9.997988343238830566e-01 1.523832816019421443e-05 1.856822636909782887e-04 2.273808661357179517e-07
2.537606626565325207e-13 5.798617053187626880e-07 9.999994039535522461e-01 3.893063205140379068e-09 1.807337057790903145e-09
1.019399405777221546e-06 9.977292418479919434e-01 2.049171132966876030e-03 2.188362705055624247e-04 1.609845412531285547e-06
1.000000000000000000e+00 1.152167139473192492e-09 1.111350161203672471e-11 6.574565336592286258e-09 4.103021922219340922e-08
1.109388136910638423e-09 2.138732924095165799e-08 1.289028528361768622e-08 1.000000000000000000e+00 6.137687580398676346e-10
2.479658478549140455e-09 9.997525811195373535e-01 6.744519964740902651e-07 2.465163997840136290e-04 2.120525550708407536e-07
7.372219019063583345e-15 9.999998807907104492e-01 5.058439223049049360e-10 6.845968414381786715e-08 2.960170997212685506e-11
1.000000000000000000e+00 3.820882499283584366e-10 3.676779746549646566e-13 1.423013373802461956e-09 1.412761641006454738e-08
1.000000000000000000e+00 3.103375195712132495e-11 1.444846168706034883e-13 6.746847525107568799e-10 8.778212823301601020e-09
6.171615751782155712e-08 9.999994039535522461e-01 4.296386180158151546e-08 3.833492883131839335e-07 2.820605304876266928e-09
1.000000000000000000e+00 5.134530300932027558e-11 4.154416068970212539e-14 3.874610354781538035e-10 3.817045790555084750e-09
1.680462366482338155e-11 1.014561712509021163e-04 9.998980760574340820e-01 4.633339187876117649e-07 2.872646831519887201e-08
1.799747373354421143e-08 3.895846475643338636e-06 5.281786070554517210e-05 7.818754966137930751e-06 9.999353885650634766e-01
7.352353047131859887e-14 7.024560044754935006e-09 6.206250180440520126e-09 2.590559537718473138e-11 1.000000000000000000e+00
6.889528392228783105e-10 5.646976828575134277e-01 4.352000355720520020e-01 1.016231763060204685e-04 6.937028729225858115e-07
1.222195274538017892e-14 1.048582475959847216e-06 9.999989271163940430e-01 1.588714271250069032e-09 8.802073514502239959e-10
3.578898982725675637e-11 1.596341121512523387e-06 9.999982118606567383e-01 1.366203861152825993e-07 1.189816316582437139e-07
1.000000000000000000e+00 3.195733899730157646e-09 5.162219176430005163e-12 9.854223215199908736e-09 3.886738397795852507e-08
1.360582860679019115e-18 3.191025665927327282e-09 1.000000000000000000e+00 6.164618728682347282e-12 6.741232572160527070e-12
9.056464023160515353e-09 9.999997615814208984e-01 2.499496964958325407e-08 1.793765846969108679e-07 1.515989000999695691e-09
3.166087125805461255e-08 1.324944150837836787e-06 4.989912127939533093e-08 9.999985694885253906e-01 8.583597121969432919e-08
7.025332599734993022e-14 1.898290274970904079e-10 5.081442905341404526e-11 5.334617816932230028e-11 1.000000000000000000e+00
2.538185048424346224e-16 1.227567908435034383e-10 2.424011512347501451e-11 1.246075985450456614e-11 1.000000000000000000e+00
7.299098968505859375e-01 6.303143501281738281e-02 4.920506104826927185e-02 1.538876742124557495e-01 3.965908661484718323e-03
1.000000000000000000e+00 1.630525381379754890e-09 4.990506163697616682e-13 9.078910401250084306e-10 7.822902325926861522e-09
9.516404998006697258e-15 2.260605640458379639e-07 9.999997615814208984e-01 8.283770891459596442e-10 1.639384294982448864e-09
7.169682021412882023e-07 9.999991655349731445e-01 5.827056615004266860e-10 1.440683234932293999e-07 1.239767843941308456e-09
3.773635795663830839e-14 7.138088449210044928e-07 9.999992847442626953e-01 1.690745876636867706e-09 1.347969846854368825e-09
1.006790831259429808e-10 3.518381319622676529e-08 2.306451563072187128e-08 1.000000000000000000e+00 3.181761798476401282e-10
1.134666582913723687e-08 2.791872248053550720e-06 7.705023108428576961e-07 9.999964237213134766e-01 2.603443149951090163e-08
1.297385097132064402e-07 3.369019168530940078e-06 4.279475615476258099e-05 3.900835963577264920e-06 9.999498128890991211e-01
4.920259755181177752e-08 5.092614401291939430e-07 5.819993589284422342e-07 9.999988079071044922e-01 3.044378971139849455e-08
5.114053692523157224e-06 6.265739351511001587e-02 8.226758837699890137e-01 9.700317680835723877e-02 1.765840500593185425e-02
2.479213945250080542e-09 1.490065869802492671e-06 1.565118054713821039e-06 1.065346424411472981e-07 9.999967813491821289e-01
1.000000000000000000e+00 1.571916208309431795e-11 8.255392321078382917e-15 1.726373488608601292e-10 1.375375369150333427e-09
1.000000000000000000e+00 1.110324679420848781e-11 1.371369296197582840e-14 2.024060086203149922e-10 2.375343477467595221e-09
4.188876079769948690e-14 3.262697646277956665e-05 9.999673366546630859e-01 8.160045972260832059e-09 4.794379337980103628e-10
6.692169915420424260e-18 2.323385075442274683e-07 9.999997615814208984e-01 2.747306604433674693e-09 9.764237335341263702e-11
4.635414908903470743e-15 7.674410412716881069e-11 2.607124151982054272e-12 2.225852531803629297e-12 1.000000000000000000e+00
2.570835905268964439e-11 1.000000000000000000e+00 4.489580374134050089e-10 2.066270710088247142e-09 2.890941392524881692e-12
3.115286251187399102e-09 4.391555194160901010e-06 3.376634140295209363e-06 5.525506452386252931e-08 9.999921321868896484e-01
1.000000000000000000e+00 6.483944891416681955e-12 2.969197424821518050e-14 4.168672629312197842e-10 2.892550865496446022e-09
1.020942708152006162e-08 2.992234726661990862e-07 1.400745190949237440e-07 9.999995231628417969e-01 4.313479795570174247e-09
7.821890704584610887e-12 5.711931194696262537e-08 7.104271393387762146e-09 2.241902663513428706e-08 9.999998807907104492e-01
3.122796812465660453e-15 8.844808219166111485e-11 6.483143882851649664e-11 2.147059439960852245e-11 1.000000000000000000e+00
8.549555513418308217e-14 9.756338386068819091e-07 9.999990463256835938e-01 9.332429273811726489e-10 1.690793838271531513e-09
6.912488159996343917e-14 9.997889399528503418e-01 2.109755296260118484e-04 8.256576222720468650e-08 4.873486683654171259e-11
6.213524110515325841e-15 5.480567892846011091e-07 9.999994039535522461e-01 1.072207767016664093e-09 4.964763045123277152e-10
1.000000000000000000e+00 3.503967135973923286e-13 1.991864414615287507e-16 1.058178631524464564e-11 2.163685480782717718e-10
1.641333041701997786e-10 4.007975462627655361e-08 2.561334611073107226e-08 1.843249286537229636e-08 9.999998807907104492e-01
4.596600483637303114e-04 1.653975486988201737e-04 2.632465038914233446e-04 9.990339279174804688e-01 7.789020310156047344e-05
8.356292879874160917e-10 6.338904512404042180e-08 3.164153739021458023e-08 1.990937903428857680e-08 9.999998807907104492e-01
1.000000000000000000e+00 1.220845508020929060e-10 6.885518546252472269e-15 7.791103179277669710e-11 9.133047096376856189e-10
1.000000000000000000e+00 2.493251438639987327e-11 2.509267851824852763e-14 2.713414215538278995e-10 2.622804196050765313e-09
4.323923441518218169e-09 9.999191761016845703e-01 1.122996673075249419e-05 6.900003791088238358e-05 5.734269734603003599e-07
1.997640978145236862e-14 4.624626797067321604e-07 9.999995231628417969e-01 4.683881282829815973e-09 6.068217928145713813e-09
1.000000000000000000e+00 4.575411924334638059e-11 1.019860397847259514e-13 9.995930749795434167e-10 5.470555120012932093e-09
1.000000000000000000e+00 1.937979464405881203e-11 8.931490800851565881e-14 5.782641032681112847e-10 7.210204877594605932e-09
9.167071652882441413e-07 9.994656443595886230e-01 2.821172529365867376e-04 2.446840808261185884e-04 6.614911853830562904e-06
8.012308150284752628e-09 9.999992847442626953e-01 9.561865965679317014e-08 5.732924819312756881e-07 5.802837321766673995e-09
1.946125111919588119e-14 3.485605759578902507e-07 9.999996423721313477e-01 2.226657525028485907e-09 5.278536496788888144e-10
7.035137969069182873e-06 9.982203841209411621e-01 2.605740746730589308e-06 1.768284477293491364e-03 1.621797196094121318e-06
3.113263744580763159e-07 9.999978542327880859e-01 6.349397949634294491e-07 1.136704554483003449e-06 3.103988888142339420e-08
9.999848604202270508e-01 2.591018528619315475e-06 1.901833179829282017e-08 2.875597431284404593e-07 1.211200105899479240e-05
1.000000000000000000e+00 1.104063715451353289e-10 1.997948898338486323e-12 4.312881163315296362e-09 4.069353209956716455e-08
1.138198355010722196e-10 9.430050518233201728e-09 4.972700473615532246e-09 5.906151567813822112e-09 1.000000000000000000e+00
1.710324454761921742e-13 1.341949468214309604e-10 1.137770780368363432e-10 4.358283872685220217e-11 1.000000000000000000e+00
2.086824268943132665e-09 3.473674356937408447e-01 2.050609327852725983e-05 6.526071429252624512e-01 4.926345809508347884e-06
9.999982118606567383e-01 1.918410958978711278e-07 6.854210532480919937e-09 7.386656193375529256e-07 7.911895067991281394e-07
5.365332483853180179e-11 3.642502122147561749e-08 5.368657340909521736e-08 2.358896544762956182e-08 9.999998807907104492e-01
4.538170444360993538e-14 1.936880096309323562e-07 9.999997615814208984e-01 3.843610230092053826e-08 2.596428183565535619e-09
4.607643404597183689e-07 4.919194907415658236e-06 4.238261681166477501e-06 9.999901056289672852e-01 2.237659089132648660e-07
6.014145344929167081e-14 5.252122355159372091e-05 9.999471902847290039e-01 7.084415898361839936e-08 1.442784736127578071e-07
5.788983181709284054e-10 3.035777638160652714e-07 2.917499841714743525e-07 9.999994039535522461e-01 3.199995379787878846e-09
1.000000000000000000e+00 7.247678013300173916e-10 4.674262279319441049e-13 1.043872654982180848e-09 1.433988927601603791e-08
1.243787336330792697e-18 2.425050915633164550e-08 1.000000000000000000e+00 1.358230802134263726e-11 8.762608694201645676e-12
1.000000000000000000e+00 4.379391294051515615e-11 1.324963088463609884e-13 5.843957540108135618e-10 6.418371611971451784e-09
7.712073113452788675e-08 1.706893090158700943e-03 9.981532692909240723e-01 7.334582915063947439e-05 6.641686923103407025e-05
1.743413740769028664e-04 9.924828410148620605e-01 8.543142030248418450e-06 7.156593259423971176e-03 1.775887940311804414e-04
1.000000000000000000e+00 1.445944275771382515e-12 4.419062365383988333e-15 1.143200256681353721e-10 1.323099407812833306e-09
2.595776472869391210e-17 7.366183126578107476e-05 9.999263286590576172e-01 4.742573977978281619e-08 8.305199306057886588e-10
5.456612939269689377e-09 9.999964237213134766e-01 3.264794656843150733e-08 3.514790478220675141e-06 3.901064360434247646e-09
1.395025319652631879e-04 8.775405883789062500e-01 1.521323429187759757e-04 1.219547092914581299e-01 2.129678759956732392e-04
1.000000000000000000e+00 1.308765207319595447e-09 2.404678669729043428e-12 4.362463279505846003e-09 2.586628333745011332e-08
1.805643633744080656e-12 1.000000000000000000e+00 7.178749816816321072e-10 2.506413965264187027e-09 1.873565972504431798e-12
5.186585894989548251e-06 9.965190887451171875e-01 7.991862948983907700e-04 2.610099501907825470e-03 6.644219683948904276e-05
5.636638236556314042e-19 1.565038587614253629e-07 9.999998807907104492e-01 7.508599297878504331e-10 4.742680206892835315e-11
1.000000000000000000e+00 1.593021603518707252e-09 2.903500465230302030e-13 1.362024937279215919e-09 1.061102761212850965e-08
1.300978347273940017e-08 4.739313852041959763e-03 9.938468337059020996e-01 4.660211852751672268e-04 9.479088475927710533e-04
6.534779365137815749e-18 9.930241517963622755e-09 1.000000000000000000e+00 1.956811448988737823e-11 2.783632213620990115e-10
7.341612560940458110e-12 1.000000000000000000e+00 1.268190830128190782e-10 3.895811728771292337e-10 4.115835005712858985e-13
1.657013415368169262e-10 1.264586444449378178e-07 4.652339669064531336e-08 9.999998807907104492e-01 1.632171175991459222e-09
5.837689408478077824e-14 4.933407581120263785e-06 9.999951124191284180e-01 1.241966884890643996e-08 1.431205731705631479e-08
3.356234899915856718e-14 7.445078581413966390e-11 1.237113328445005322e-10 1.000000000000000000e+00 1.011453507754334069e-12
3.867477220637419166e-14 4.558602662019239915e-10 1.983753161738377457e-10 2.437597346194309011e-10 1.000000000000000000e+00
1.000000000000000000e+00 5.101999552004077287e-12 6.311304323396941390e-15 1.449629444261191225e-10 1.385118575392141338e-09
7.186613526499741056e-09 9.999040365219116211e-01 9.543351188767701387e-05 5.006712058275297750e-07 1.681199357506102388e-08
4.800192465737040948e-10 2.784408934530802071e-06 2.666274303919635713e-05 9.999698400497436523e-01 6.888287771289469674e-07
2.597532466896979031e-10 3.330576510052196681e-05 9.999656677246093750e-01 6.592441081920696888e-07 3.666723671358340653e-07
9.498556531500391455e-16 2.655100104220764479e-07 9.999997615814208984e-01 6.968093879677894620e-10 1.762788248704794114e-10
2.948963739868304401e-09 3.570632713945087744e-07 2.995771524183510337e-07 9.999992847442626953e-01 8.090086822676312295e-09
6.020858724781197324e-12 1.000172924250364304e-02 9.218297004699707031e-01 1.521731178399932105e-06 6.816708296537399292e-02
4.787859442245689934e-09 8.849866617310908623e-07 6.734396151841792744e-07 9.999984502792358398e-01 1.224844847769190892e-08
1.634195979493408002e-13 1.995575482638400899e-09 2.484859262796845769e-10 1.000000000000000000e+00 2.560784050087416830e-11
3.960453316752092501e-14 1.074316330340607806e-10 4.805382133876712203e-11 2.414206508316585342e-11 1.000000000000000000e+00
1.000000000000000000e+00 2.281579231100394622e-10 4.938615705621374197e-13 1.140848415737139021e-09 1.261877713432113524e-08
9.999998807907104492e-01 7.165456228364064373e-09 1.376399948876949608e-11 1.056379339559043729e-08 9.900610109525587177e-08
1.000000000000000000e+00 1.067947162994298260e-12 5.551080183016708462e-16 2.338983173810760263e-11 4.036495582226962142e-10
1.000000000000000000e+00 6.758948435658940213e-12 6.047407989954664553e-14 8.350590774419686113e-10 2.535295973160600624e-09
1.000000000000000000e+00 4.926359233742294563e-12 5.588349420937660864e-15 1.124146539743797746e-10 1.283049999578622646e-09
1.523830395200320709e-09 9.999995231628417969e-01 1.525509141231395915e-08 4.632656214198505040e-07 2.278678579159532092e-09
1.098516097557860130e-14 2.400584175887843230e-10 1.120699713585970869e-10 1.135054897294374143e-10 1.000000000000000000e+00
9.538669473840855062e-06 5.040698670200072229e-05 6.350770709104835987e-04 7.332162567763589323e-06 9.992976188659667969e-01
3.978270397055894136e-04 9.919523596763610840e-01 5.737241357564926147e-03 9.511754033155739307e-04 9.614152368158102036e-04
1.886342886336933589e-07 9.999980926513671875e-01 1.654570702669388993e-08 1.668758613959653303e-06 1.898813906109353411e-08
1.002406230937724629e-11 4.363878147728428303e-09 1.930124282623069121e-09 1.594611442889970476e-09 1.000000000000000000e+00
1.653791144827498893e-12 7.825611828593537211e-05 9.999178647994995117e-01 2.820823738147737458e-06 9.370997418045590166e-07
4.014241022920472801e-11 7.756442427635192871e-01 2.243535369634628296e-01 2.271231551276287064e-06 9.273469769865982926e-10
2.833810616720278119e-11 9.095676212211856182e-09 3.709209606128638370e-09 2.148720756878219618e-09 1.000000000000000000e+00
